3
5
5
5
10
11
12
15
16
17
18
18
18
21
22
22
25
26
28
30
30
31
34
34
36
39
39
40
42
47
48
52
54
54
55
57
58
62
62
64
65
66
71
71
72
73
78
79
80
82
82
83
84
85
87
87
94
96
100
101
102
106
110
112
113
113
115
115
115
118
120
122
126
126
127
134
134
135
137
142
143
143
143
144
145
150
153
164
165
165
170
170
171
172
172
172
177
178
180
181
183
184
186
186
187
192
195
196
197
198
199
200
201
202
207
208
213
214
215
216
217
227
229
232
238
239
240
240
244
245
247
251
252
252
253
255
256
259
259
260
260
261
263
264
265
266
266
267
268
269
269
270
271
272
272
278
279
280
283
285
286
287
287
288
289
290
290
291
291
291
293
295
296
298
299
299
301
302
304
311
312
313
314
316
319
320
322
324
327
328
329
332
334
337
338
338
344
351
362
362
363
368
369
369
369
371
372
373
375
376
377
381
384
385
386
387
392
393
400
401
402
404
405
413
414
416
418
420
421
422
423
423
423
423
424
426
427
428
429
430
430
431
432
433
437
438
439
443
446
449
454
454
456
457
459
461
463
466
467
468
470
471
472
473
474
475
476
477
478
479
480
481
481
482
483
484
487
488
492
495
499
500
502
504
507
507
510
511
512
512
513
514
521
522
525
528
530
532
537
538
541
542
543
556
561
561
567
569
570
571
583
585
591
597
598
599
599
601
603
603
608
610
611
613
614
614
625
627
627
627
628
628
629
630
631
633
634
648
655
658
661
665
670
671
671
672
677
680
686
687
689
690
693
697
699
704
705
712
713
715
718
720
725
725
725
725
728
728
728
732
733
734
741
747
747
748
753
754
759
762
767
768
769
781
785
788
790
791
793
800
800
804
806
807
811
816
817
832
834
838
860
865
866
866
878
882
882
889
897
899
900
901
905
910
912
912
913
915
916
917
920
923
924
924
931
933
935
939
946
947
948
948
949
955
955
957
960
965
968
972
975
986
992
993
999
1005
1009
1012
1024
1031
1037
1041
1042
1042
1044
1044
1060
1072
1072
1073
1074
1075
1076
1081
1087
1087
1098
1098
1099
1104
1105
1106
1108
1111
1112
1114
1124
1125
1130
1131
1149
1154
1156
1162
1164
1167
1168
1168
1199
1213
1221
1222
1225
1226
1227
1236
1236
1240
1240
1246
1248
1251
1251
1252
1252
1254
1255
1255
1281
1283
1284
1285
1298
1301
1306
1307
1308
1310
1311
1312
1319
1353
1367
1375
1382
1384
1392
1396
1396
1396
1408
1409
1411
1417
1427
1431
1432
1432
1435
1438
1440
1446
1447
1453
1456
1456
1459
1459
1462
1463
1463
1463
1466
1467
1472
1473
1474
1475
1482
1504
1512
1513
1514
1522
1523
1524
1530
1536
1537
1541
1549
1551
1554
1555
1560
1567
1570
1575
1576
1577
1583
1593
1603
1604
1607
1612
1617
1623
1625
1631
1632
1636
1640
1655
1657
1661
1663
1670
1679
1681
1682
1683
1685
1701
1708
1712
1727
1729
1733
1743
1745
1749
1759
1760
1769
1770
1775
1777
1780
1783
1805
1810
1821
1824
1828
1831
1833
1834
1837
1843
1846
1848
1849
1849
5001
5002
5003
5010
5011
5013
5013
5019
5019
5020
5021
5024
5025
5046
5048
5049
5050
5051
5061
5062
5065
5066
5073
5077
5097
6035
6036
6036
6050
6051
8092
8093
8100
8101
8102
8104
8106
8113
8114
8117
8121
8121
8122
8123
8124
8124
8125
8134
8135
8141
8142
8145
8146
8148
