1
2
3
5
6
9
10
11
12
13
14
15
16
18
21
22
25
26
28
34
36
39
45
47
51
52
55
58
62
65
66
67
71
72
73
80
82
84
86
87
89
95
96
100
101
105
112
115
117
118
120
124
126
127
134
135
136
137
138
141
142
143
144
145
150
158
159
164
170
171
172
177
178
180
181
183
184
186
187
188
192
195
197
200
201
202
206
207
207
208
210
212
213
214
215
217
218
220
227
229
232
235
238
239
240
244
245
247
248
251
252
253
255
256
259
260
261
263
264
265
266
267
268
269
270
271
272
275
278
279
280
283
285
287
288
289
290
291
293
295
298
299
300
302
311
312
313
314
316
317
319
320
321
322
324
328
329
334
336
337
338
341
344
345
351
356
362
366
368
369
371
372
373
375
380
381
383
384
385
386
387
391
393
395
400
401
402
404
405
407
413
414
416
417
418
420
421
422
423
424
425
426
427
428
429
431
432
433
435
437
438
439
440
441
445
446
449
450

454
456
457
463
465
466
467
470
472
473
476
478
479
481
482
487
488
492
495
498
502
508
510
511
512
513
514
516
519
521
522
525
528
537
542
556
561
563
569
571
581
582
583
585
586
589
591
597
598
599
603
610
612
613
614
625
626
627
628
630
631
633
634
637
648
655
658
664
665
670
671
672
682
686
687
689
692
697
704
705
708
712
713
715
725
733
741
747
748
752
753
764
767
769
779
786
790
793
800
807
811
815
817
832
833
840
844
860
866
879
889
899
900
901
906
912
915
920
922
923
926
948
955
960
965
968
974
991
992
993
1005
1009
1012
1026
1044
1049
1051
1060
1072
1073
1074
1075
1087
1098
1105
1106
1108
1111
1114
1129
1156
1167
1221
1223
1228
1236
1240
1246
1248
1251
1254
1255
1284
1298
1302
1306
1319
1367
1368
1382
1383
1384
1392
1393
1396
1408
1427
1432
1437
1438
1440
1441
1445
1446
1456
1457
1459
1462
1463
1465
1466
1467
1471
1472
1474
1475
1482
1490
1504
1522
1536
1545
1569
1570
1575
1576
1577
1578
1580
1603
1604
1617
1622
1625
1640
1646
1656
1657
1661
1662
1682
1708
1712
1729
1732
1733
1741
1743
1745
1759
1762
1813
1833
1843
5001
5002
5003
5009
5010
5011
5012
5013
5019
5020
5021
6035
6050
6051
6052
8080
8090
8091
8093
8100
8102
8104
8105
8106
8114
8116
8117
8121
8122
8124
8125
8134
8135
8142
8145
8146
30
31
40
42
48
54
79
83
106
113
122
196
198
216
332
363
392
